BYPASS AUTHORIZATION
Snyk 0.1529 0.1529 0.1579 0.1529
Fortify 0.1379 0.1379 0.1379 0.1329
Semgrep 0.1329 0.1329 0.1329 0.1429
Synopsis 0.1429 0.1429 0.1529 0.1579
Horusec 0.1279 0.1279 0.1279 0.1279
Kiuwan 0.1479 0.1479 0.1479 0.1479
SpotBugs 0.1579 0.1579 0.1429 0.1379


INSUFFICIENT SESSION EXPIRATION
Snyk 0.1404 0.1404 0.1404 0.1404
Fortify 0.1404 0.1404 0.1404 0.1404
Semgrep 0.1404 0.1404 0.1404 0.1404
Synopsis 0.1579 0.1579 0.1579 0.1579
Horusec 0.1404 0.1404 0.1404 0.1404
Kiuwan 0.1404 0.1404 0.1404 0.1404
SpotBugs 0.1404 0.1404 0.1404 0.1404


PATH TRANSVERSAL
Snyk 0.1479 0.1529 0.1579 0.1579
Fortify 0.1529 0.1479 0.1479 0.1329
Semgrep 0.1379 0.1379 0.1379 0.1429
Synopsis 0.1329 0.1329 0.1329 0.1479
Horusec 0.1279 0.1279 0.1279 0.1279
Kiuwan 0.1429 0.1429 0.1529 0.1529
SpotBugs 0.1579 0.1579 0.1429 0.1379


CSRF
Snyk 0.1529 0.1479 0.1479 0.1529
Fortify 0.1429 0.1529 0.1529 0.1429
Semgrep 0.1379 0.1429 0.1429 0.1379
Synopsis 0.1479 0.1329 0.1329 0.1479
Horusec 0.1279 0.1279 0.1279 0.1279
Kiuwan 0.1579 0.1579 0.1579 0.1579
SpotBugs 0.1329 0.1379 0.1379 0.1329


INSECURE ALGORITHM
Snyk 0.1454 0.1354 0.1354 0.1354
Fortify 0.1379 0.1529 0.1529 0.1529
Semgrep 0.1529 0.1579 0.1579 0.1579
Synopsis 0.1279 0.1279 0.1279 0.1279
Horusec 0.1579 0.1479 0.1429 0.1429
Kiuwan 0.1329 0.1429 0.1479 0.1479
SpotBugs 0.1454 0.1354 0.1354 0.1354


WEAK HASH
Snyk 0.1379 0.1529 0.1529 0.1329
Fortify 0.1529 0.1479 0.1479 0.1479
Semgrep 0.1279 0.1279 0.1279 0.1529
Synopsis 0.1429 0.1379 0.1379 0.1379
Horusec 0.1579 0.1579 0.1579 0.1279
Kiuwan 0.1479 0.1429 0.1429 0.1429
SpotBugs 0.1329 0.1329 0.1329 0.1579


SEED HARDCODED
Snyk 0.1379 0.1379 0.1379 0.1379
Fortify 0.1379 0.1379 0.1379 0.1379
Semgrep 0.1379 0.1379 0.1379 0.1379
Synopsis 0.1554 0.1554 0.1554 0.1554
Horusec 0.1554 0.1554 0.1554 0.1554
Kiuwan 0.1379 0.1379 0.1379 0.1379
SpotBugs 0.1379 0.1379 0.1379 0.1379


WEAK RANDOM
Snyk 0.1379 0.1379 0.1379 0.1429
Fortify 0.1579 0.1579 0.1579 0.1379
Semgrep 0.1429 0.1429 0.1429 0.1479
Synopsis 0.1479 0.1479 0.1479 0.1529
Horusec 0.1329 0.1329 0.1329 0.1329
Kiuwan 0.1279 0.1279 0.1279 0.1279
SpotBugs 0.1529 0.1529 0.1529 0.1579


OS COMMAND INJECTION
Snyk 0.1479 0.1579 0.1579 0.1529
Fortify 0.1529 0.1529 0.1379 0.1279
Semgrep 0.1279 0.1279 0.1279 0.1379
Synopsis 0.1329 0.1329 0.1429 0.1479
Horusec 0.1379 0.1379 0.1529 0.1579
Kiuwan 0.1429 0.1429 0.1479 0.1429
SpotBugs 0.1579 0.1479 0.1329 0.1329


SQL INJECTION
Snyk 0.1329 0.1379 0.1579 0.1579
Fortify 0.1429 0.1429 0.1479 0.1479
Semgrep 0.1479 0.1479 0.1379 0.1379
Synopsis 0.1279 0.1329 0.1529 0.1529
Horusec 0.1379 0.1279 0.1279 0.1279
Kiuwan 0.1529 0.1579 0.1429 0.1429
SpotBugs 0.1579 0.1529 0.1329 0.1329


LDAP INJECTION
Snyk 0.1329 0.1479 0.1479 0.1479
Fortify 0.1579 0.1579 0.1529 0.1429
Semgrep 0.1479 0.1329 0.1279 0.1329
Synopsis 0.1529 0.1429 0.1379 0.1379
Horusec 0.1379 0.1529 0.1579 0.1579
Kiuwan 0.1279 0.1279 0.1429 0.1529
SpotBugs 0.1429 0.1379 0.1329 0.1279


XSS
Snyk 0.1529 0.1529 0.1579 0.1579
Fortify 0.1479 0.1479 0.1529 0.1479
Semgrep 0.1329 0.1329 0.1379 0.1529
Synopsis 0.1429 0.1429 0.1429 0.1429
Horusec 0.1279 0.1279 0.1279 0.1279
Kiuwan 0.1579 0.1579 0.1479 0.1379
SpotBugs 0.1379 0.1379 0.1329 0.1329


XPATH
Snyk 0.1329 0.1329 0.1329 0.1529
Fortify 0.1579 0.1579 0.1579 0.1579
Semgrep 0.1379 0.1379 0.1379 0.1279
Synopsis 0.1429 0.1429 0.1479 0.1379
Horusec 0.1279 0.1279 0.1279 0.1429
Kiuwan 0.1479 0.1479 0.1529 0.1479
SpotBugs 0.1529 0.1529 0.1429 0.1329


HTTP SPLITTING
Snyk 0.1529 0.1529 0.1579 0.1579
Fortify 0.1429 0.1429 0.1429 0.1429
Semgrep 0.1329 0.1329 0.1329 0.1329
Synopsis 0.1329 0.1329 0.1329 0.1329
Horusec 0.1329 0.1329 0.1329 0.1329
Kiuwan 0.1479 0.1479 0.1529 0.1529
SpotBugs 0.1579 0.1579 0.1479 0.1479


IMPROPER ERROR HANDLING
Snyk 0.1329 0.1329 0.1329 0.1329
Fortify 0.1579 0.1579 0.1579 0.1429
Semgrep 0.1479 0.1429 0.1429 0.1529
Synopsis 0.1329 0.1329 0.1329 0.1329
Horusec 0.1529 0.1529 0.1529 0.1579
Kiuwan 0.1429 0.1479 0.1479 0.1479
SpotBugs 0.1329 0.1329 0.1329 0.1329


TRUST BOUNDARY
Snyk 0.1479 0.1479 0.1479 0.1579
Fortify 0.1329 0.1329 0.1379 0.1429
Semgrep 0.1379 0.1429 0.1429 0.1479
Synopsis 0.1579 0.1579 0.1579 0.1529
Horusec 0.1279 0.1279 0.1279 0.1279
Kiuwan 0.1429 0.1379 0.1329 0.1329
SpotBugs 0.1529 0.1529 0.1529 0.1379


METHOD TAMPERING
Snyk 0.1379 0.1379 0.1379 0.1379
Fortify 0.1379 0.1379 0.1379 0.1379
Semgrep 0.1529 0.1529 0.1529 0.1529
Synopsis 0.1379 0.1379 0.1379 0.1379
Horusec 0.1379 0.1379 0.1379 0.1379
Kiuwan 0.1579 0.1579 0.1579 0.1579
SpotBugs 0.1379 0.1379 0.1379 0.1379


XXE
Snyk 0.1579 0.1579 0.1579 0.1529
Fortify 0.1304 0.1304 0.1304 0.1279
Semgrep 0.1529 0.1529 0.1529 0.1429
Synopsis 0.1429 0.1429 0.1429 0.1479
Horusec 0.1304 0.1304 0.1304 0.1329
Kiuwan 0.1379 0.1379 0.1379 0.1379
SpotBugs 0.1479 0.1479 0.1479 0.1579


BAD PROGRAMMING COOKIES
Snyk 0.1479 0.1479 0.1479 0.1479
Fortify 0.1379 0.1379 0.1379 0.1379
Semgrep 0.1579 0.1579 0.1579 0.1529
Synopsis 0.1529 0.1529 0.1529 0.1579
Horusec 0.1329 0.1329 0.1329 0.1329
Kiuwan 0.1279 0.1279 0.1279 0.1279
SpotBugs 0.1429 0.1429 0.1429 0.1429


HARDCODED CONSTANTS
Snyk 0.1579 0.1579 0.1579 0.1579
Fortify 0.1379 0.1329 0.1329 0.1429
Semgrep 0.1279 0.1279 0.1279 0.1279
Synopsis 0.1529 0.1529 0.1529 0.1379
Horusec 0.1329 0.1379 0.1379 0.1329
Kiuwan 0.1479 0.1479 0.1479 0.1529
SpotBugs 0.1429 0.1429 0.1429 0.1479


OUTDATED COMPONENTS
Snyk 0.1404 0.1354 0.1354 0.1454
Fortify 0.1529 0.1529 0.1529 0.1279
Semgrep 0.1479 0.1429 0.1429 0.1529
Synopsis 0.1404 0.1354 0.1354 0.1454
Horusec 0.1329 0.1479 0.1479 0.1379
Kiuwan 0.1579 0.1579 0.1579 0.1579
SpotBugs 0.1279 0.1279 0.1279 0.1329


BYPASS AUTHENTICATION
Snyk 0.1429 0.1429 0.1429 0.1429
Fortify 0.1429 0.1429 0.1429 0.1429
Semgrep 0.1429 0.1429 0.1429 0.1429
Synopsis 0.1429 0.1429 0.1429 0.1429
Horusec 0.1429 0.1429 0.1429 0.1429
Kiuwan 0.1429 0.1429 0.1429 0.1429
SpotBugs 0.1429 0.1429 0.1429 0.1429


HARDCODED CREDENTIALS
Snyk 0.1529 0.1529 0.1529 0.1479
Fortify 0.1329 0.1329 0.1329 0.1329
Semgrep 0.1379 0.1379 0.1379 0.1429
Synopsis 0.1579 0.1579 0.1579 0.1529
Horusec 0.1279 0.1279 0.1279 0.1279
Kiuwan 0.1479 0.1479 0.1429 0.1379
SpotBugs 0.1429 0.1429 0.1479 0.1579


INSECURE DESERIALIZATION
Snyk 0.1454 0.1504 0.1504 0.1554
Fortify 0.1304 0.1304 0.1304 0.1354
Semgrep 0.1529 0.1429 0.1379 0.1279
Synopsis 0.1579 0.1579 0.1579 0.1479
Horusec 0.1304 0.1304 0.1304 0.1354
Kiuwan 0.1379 0.1379 0.1429 0.1429
SpotBugs 0.1454 0.1504 0.1504 0.1554


OUTPUT NEUTRALIZATION OF LOGS
Snyk 0.1429 0.1429 0.1429 0.1479
Fortify 0.1579 0.1579 0.1579 0.1379
Semgrep 0.1529 0.1529 0.1529 0.1579
Synopsis 0.1329 0.1379 0.1379 0.1329
Horusec 0.1279 0.1279 0.1279 0.1279
Kiuwan 0.1479 0.1479 0.1479 0.1529
SpotBugs 0.1379 0.1329 0.1329 0.1429


SSRF
Snyk 0.1529 0.1529 0.1529 0.1529
Fortify 0.1304 0.1304 0.1304 0.1304
Semgrep 0.1579 0.1579 0.1579 0.1429
Synopsis 0.1429 0.1429 0.1429 0.1579
Horusec 0.1304 0.1304 0.1304 0.1304
Kiuwan 0.1479 0.1479 0.1479 0.1479
SpotBugs 0.1379 0.1379 0.1379 0.1379


