PATH TRANSVERSAL
Tool;Recall;Recall*Informedness;F-measure;Markedness;Precision;TP;TP;TP;TP;FN;FN;FN;FN;FP;FP;FP;FP;TN;TN;TN;TN;
('Snyk', 'Fortify');0;0;0;0;0;3;15;15;15;35;23;23;23;61;46;46;46;157;172;172;172;
('Snyk', 'Semgrep');0;0;0;0;0;15;15;15;15;23;23;23;23;46;46;46;46;172;172;172;172;
('Snyk', 'Synopsis');0;0;0;0;0;15;15;15;15;23;23;23;23;46;46;46;46;172;172;172;172;
('Snyk', 'Horusec');0;0;0;0;0;15;15;15;15;23;23;23;23;46;46;46;46;172;172;172;172;
('Snyk', 'Kiuwan');0;0;0;0;0;15;15;15;15;23;23;23;23;46;46;46;46;172;172;172;172;
('Snyk', 'SpotBugs');0;0;0;0;0;7;7;15;15;31;31;23;23;0;0;46;46;218;218;172;172;
('Fortify', 'Semgrep');0;0;0;0;0;3;3;3;17;35;35;35;21;61;61;61;102;157;157;157;116;
('Fortify', 'Synopsis');0;0;0;0;0;3;3;3;13;35;35;35;25;61;61;61;1;157;157;157;217;
('Fortify', 'Horusec');0;0;0;0;0;3;3;3;3;35;35;35;35;61;61;61;61;157;157;157;157;
('Fortify', 'Kiuwan');0;0;0;0;0;3;3;8;8;35;35;30;30;61;61;13;13;157;157;205;205;
('Fortify', 'SpotBugs');0;0;0;0;0;7;7;3;7;31;31;35;31;0;0;61;0;218;218;157;218;
('Semgrep', 'Synopsis');0;0;0;0;0;17;17;17;13;21;21;21;25;102;102;102;1;116;116;116;217;
('Semgrep', 'Horusec');0;0;0;0;0;17;17;17;17;21;21;21;21;102;102;102;102;116;116;116;116;
('Semgrep', 'Kiuwan');0;0;0;0;0;8;8;8;8;30;30;30;30;13;13;13;13;205;205;205;205;
('Semgrep', 'SpotBugs');0;0;0;0;0;7;7;7;17;31;31;31;21;0;0;0;102;218;218;218;116;
('Synopsis', 'Horusec');0;0;0;0;0;13;13;13;13;25;25;25;25;1;1;1;1;217;217;217;217;
('Synopsis', 'Kiuwan');0;0;0;0;0;8;8;8;8;30;30;30;30;13;13;13;13;205;205;205;205;
('Synopsis', 'SpotBugs');0;0;0;0;0;7;7;7;13;31;31;31;25;0;0;0;1;218;218;218;217;
('Horusec', 'Kiuwan');0;0;0;0;0;8;8;8;8;30;30;30;30;13;13;13;13;205;205;205;205;
('Horusec', 'SpotBugs');0;0;0;0;0;7;7;7;7;31;31;31;31;0;0;0;0;218;218;218;218;
('Kiuwan', 'SpotBugs');0;0;0;0;0;7;7;8;8;31;31;30;30;0;0;13;13;218;218;205;205;


XSS
Tool;Recall;Recall*Informedness;F-measure;Markedness;Precision;TP;TP;TP;TP;FN;FN;FN;FN;FP;FP;FP;FP;TN;TN;TN;TN;
('Snyk', 'Fortify');0;0;0;0;0;83;83;83;83;88;88;88;88;57;57;57;57;624;624;624;624;
('Snyk', 'Semgrep');0;0;0;0;0;83;83;83;83;88;88;88;88;57;57;57;57;624;624;624;624;
('Snyk', 'Synopsis');0;0;0;0;0;83;83;83;83;88;88;88;88;57;57;57;57;624;624;624;624;
('Snyk', 'Horusec');0;0;0;0;0;83;83;83;83;88;88;88;88;57;57;57;57;624;624;624;624;
('Snyk', 'Kiuwan');0;0;0;0;0;56;56;83;83;115;115;88;88;121;121;57;57;560;560;624;624;
('Snyk', 'SpotBugs');0;0;0;0;0;83;83;83;83;88;88;88;88;57;57;57;57;624;624;624;624;
('Fortify', 'Semgrep');0;0;0;0;0;45;45;45;59;126;126;126;112;135;135;135;41;546;546;546;640;
('Fortify', 'Synopsis');0;0;0;0;0;45;45;45;45;126;126;126;126;135;135;135;135;546;546;546;546;
('Fortify', 'Horusec');0;0;0;0;0;45;45;45;45;126;126;126;126;135;135;135;135;546;546;546;546;
('Fortify', 'Kiuwan');0;0;0;0;0;56;56;45;45;115;115;126;126;121;121;135;135;560;560;546;546;
('Fortify', 'SpotBugs');0;0;0;0;0;45;45;45;45;126;126;126;126;135;135;135;135;546;546;546;546;
('Semgrep', 'Synopsis');0;0;0;0;0;15;15;15;59;156;156;156;112;15;15;15;41;666;666;666;640;
('Semgrep', 'Horusec');0;0;0;0;0;59;59;59;59;112;112;112;112;41;41;41;41;640;640;640;640;
('Semgrep', 'Kiuwan');0;0;0;0;0;56;56;56;59;115;115;115;112;121;121;121;41;560;560;560;640;
('Semgrep', 'SpotBugs');0;0;0;0;0;0;0;59;59;171;171;112;112;0;0;41;41;681;681;640;640;
('Synopsis', 'Horusec');0;0;0;0;0;15;15;15;15;156;156;156;156;15;15;15;15;666;666;666;666;
('Synopsis', 'Kiuwan');0;0;0;0;0;56;56;56;15;115;115;115;156;121;121;121;15;560;560;560;666;
('Synopsis', 'SpotBugs');0;0;0;0;0;15;15;15;15;156;156;156;156;15;15;15;15;666;666;666;666;
('Horusec', 'Kiuwan');0;0;0;0;0;56;56;56;56;115;115;115;115;121;121;121;121;560;560;560;560;
('Horusec', 'SpotBugs');0;0;0;0;0;0;0;0;0;171;171;171;171;0;0;0;0;681;681;681;681;
('Kiuwan', 'SpotBugs');0;0;0;0;0;56;56;56;56;115;115;115;115;121;121;121;121;560;560;560;560;


INSECURE ALGORITHM
Tool;Recall;Recall*Informedness;F-measure;Markedness;Precision;TP;TP;TP;TP;FN;FN;FN;FN;FP;FP;FP;FP;TN;TN;TN;TN;
('Snyk', 'Fortify');0;0;0;0;0;1;4;4;4;63;60;60;60;0;0;0;0;4;4;4;4;
('Snyk', 'Semgrep');0;0;0;0;0;1;1;1;1;63;63;63;63;0;0;0;0;4;4;4;4;
('Snyk', 'Synopsis');0;0;0;0;0;1;1;1;1;63;63;63;63;0;0;0;0;4;4;4;4;
('Snyk', 'Horusec');0;0;0;0;0;42;42;42;42;22;22;22;22;0;0;0;0;4;4;4;4;
('Snyk', 'Kiuwan');0;0;0;0;0;1;3;3;3;63;61;61;61;0;0;0;0;4;4;4;4;
('Snyk', 'SpotBugs');0;0;0;0;0;1;1;1;1;63;63;63;63;0;0;0;0;4;4;4;4;
('Fortify', 'Semgrep');0;0;0;0;0;1;1;1;1;63;63;63;63;0;0;0;0;4;4;4;4;
('Fortify', 'Synopsis');0;0;0;0;0;4;4;4;4;60;60;60;60;0;0;0;0;4;4;4;4;
('Fortify', 'Horusec');0;0;0;0;0;42;4;4;4;22;60;60;60;0;0;0;0;4;4;4;4;
('Fortify', 'Kiuwan');0;0;0;0;0;4;4;4;4;60;60;60;60;0;0;0;0;4;4;4;4;
('Fortify', 'SpotBugs');0;0;0;0;0;1;4;4;4;63;60;60;60;0;0;0;0;4;4;4;4;
('Semgrep', 'Synopsis');0;0;0;0;0;1;1;1;1;63;63;63;63;0;0;0;0;4;4;4;4;
('Semgrep', 'Horusec');0;0;0;0;0;42;1;1;1;22;63;63;63;0;0;0;0;4;4;4;4;
('Semgrep', 'Kiuwan');0;0;0;0;0;1;1;1;1;63;63;63;63;0;0;0;0;4;4;4;4;
('Semgrep', 'SpotBugs');0;0;0;0;0;1;1;1;1;63;63;63;63;0;0;0;0;4;4;4;4;
('Synopsis', 'Horusec');0;0;0;0;0;42;42;42;42;22;22;22;22;0;0;0;0;4;4;4;4;
('Synopsis', 'Kiuwan');0;0;0;0;0;3;3;3;3;61;61;61;61;0;0;0;0;4;4;4;4;
('Synopsis', 'SpotBugs');0;0;0;0;0;1;1;1;1;63;63;63;63;0;0;0;0;4;4;4;4;
('Horusec', 'Kiuwan');0;0;0;0;0;42;42;3;3;22;22;61;61;0;0;0;0;4;4;4;4;
('Horusec', 'SpotBugs');0;0;0;0;0;42;42;42;42;22;22;22;22;0;0;0;0;4;4;4;4;
('Kiuwan', 'SpotBugs');0;0;0;0;0;1;3;3;3;63;61;61;61;0;0;0;0;4;4;4;4;


OUTPUT NEUTRALIZATION OF LOGS
Tool;Recall;Recall*Informedness;F-measure;Markedness;Precision;TP;TP;TP;TP;FN;FN;FN;FN;FP;FP;FP;FP;TN;TN;TN;TN;
('Snyk', 'Fortify');0;0;0;0;0;345;345;345;113;341;341;341;573;245;245;245;12;423;423;423;656;
('Snyk', 'Semgrep');0;0;0;0;0;146;146;146;146;540;540;540;540;1;1;1;1;667;667;667;667;
('Snyk', 'Synopsis');0;0;0;0;0;113;113;113;113;573;573;573;573;12;12;12;12;656;656;656;656;
('Snyk', 'Horusec');0;0;0;0;0;113;113;113;113;573;573;573;573;12;12;12;12;656;656;656;656;
('Snyk', 'Kiuwan');0;0;0;0;0;99;99;99;99;587;587;587;587;3;3;3;3;665;665;665;665;
('Snyk', 'SpotBugs');0;0;0;0;0;113;113;113;113;573;573;573;573;12;12;12;12;656;656;656;656;
('Fortify', 'Semgrep');0;0;0;0;0;345;345;345;146;341;341;341;540;245;245;245;1;423;423;423;667;
('Fortify', 'Synopsis');0;0;0;0;0;345;345;345;345;341;341;341;341;245;245;245;245;423;423;423;423;
('Fortify', 'Horusec');0;0;0;0;0;345;345;345;345;341;341;341;341;245;245;245;245;423;423;423;423;
('Fortify', 'Kiuwan');0;0;0;0;0;345;345;345;99;341;341;341;587;245;245;245;3;423;423;423;665;
('Fortify', 'SpotBugs');0;0;0;0;0;345;345;345;14;341;341;341;672;245;245;245;3;423;423;423;665;
('Semgrep', 'Synopsis');0;0;0;0;0;146;146;146;146;540;540;540;540;1;1;1;1;667;667;667;667;
('Semgrep', 'Horusec');0;0;0;0;0;146;146;146;146;540;540;540;540;1;1;1;1;667;667;667;667;
('Semgrep', 'Kiuwan');0;0;0;0;0;146;146;146;146;540;540;540;540;1;1;1;1;667;667;667;667;
('Semgrep', 'SpotBugs');0;0;0;0;0;146;146;146;146;540;540;540;540;1;1;1;1;667;667;667;667;
('Synopsis', 'Horusec');0;0;0;0;0;18;18;18;18;668;668;668;668;121;121;121;121;547;547;547;547;
('Synopsis', 'Kiuwan');0;0;0;0;0;99;99;99;99;587;587;587;587;3;3;3;3;665;665;665;665;
('Synopsis', 'SpotBugs');0;0;0;0;0;14;18;18;14;672;668;668;672;3;121;121;3;665;547;547;665;
('Horusec', 'Kiuwan');0;0;0;0;0;99;99;99;99;587;587;587;587;3;3;3;3;665;665;665;665;
('Horusec', 'SpotBugs');0;0;0;0;0;14;14;14;14;672;672;672;672;3;3;3;3;665;665;665;665;
('Kiuwan', 'SpotBugs');0;0;0;0;0;99;99;99;99;587;587;587;587;3;3;3;3;665;665;665;665;


SSRF
Tool;Recall;Recall*Informedness;F-measure;Markedness;Precision;TP;TP;TP;TP;FN;FN;FN;FN;FP;FP;FP;FP;TN;TN;TN;TN;
('Snyk', 'Fortify');0;0;0;0;0;5;5;5;5;12;12;12;12;7;7;7;7;23;23;23;23;
('Snyk', 'Semgrep');0;0;0;0;0;6;6;6;5;11;11;11;12;11;11;11;7;19;19;19;23;
('Snyk', 'Synopsis');0;0;0;0;0;5;5;5;1;12;12;12;16;7;7;7;0;23;23;23;30;
('Snyk', 'Horusec');0;0;0;0;0;5;5;5;5;12;12;12;12;7;7;7;7;23;23;23;23;
('Snyk', 'Kiuwan');0;0;0;0;0;5;5;5;5;12;12;12;12;7;7;7;7;23;23;23;23;
('Snyk', 'SpotBugs');0;0;0;0;0;5;5;5;5;12;12;12;12;7;7;7;7;23;23;23;23;
('Fortify', 'Semgrep');0;0;0;0;0;6;6;6;6;11;11;11;11;11;11;11;11;19;19;19;19;
('Fortify', 'Synopsis');0;0;0;0;0;1;1;1;1;16;16;16;16;0;0;0;0;30;30;30;30;
('Fortify', 'Horusec');0;0;0;0;0;0;0;0;0;17;17;17;17;0;0;0;0;30;30;30;30;
('Fortify', 'Kiuwan');0;0;0;0;0;2;2;2;2;15;15;15;15;1;1;1;1;29;29;29;29;
('Fortify', 'SpotBugs');0;0;0;0;0;1;1;1;1;16;16;16;16;3;3;3;3;27;27;27;27;
('Semgrep', 'Synopsis');0;0;0;0;0;6;6;6;1;11;11;11;16;11;11;11;0;19;19;19;30;
('Semgrep', 'Horusec');0;0;0;0;0;6;6;6;6;11;11;11;11;11;11;11;11;19;19;19;19;
('Semgrep', 'Kiuwan');0;0;0;0;0;6;6;6;2;11;11;11;15;11;11;11;1;19;19;19;29;
('Semgrep', 'SpotBugs');0;0;0;0;0;6;6;6;6;11;11;11;11;11;11;11;11;19;19;19;19;
('Synopsis', 'Horusec');0;0;0;0;0;1;1;1;1;16;16;16;16;0;0;0;0;30;30;30;30;
('Synopsis', 'Kiuwan');0;0;0;0;0;2;2;2;1;15;15;15;16;1;1;1;0;29;29;29;30;
('Synopsis', 'SpotBugs');0;0;0;0;0;1;1;1;1;16;16;16;16;0;0;0;0;30;30;30;30;
('Horusec', 'Kiuwan');0;0;0;0;0;2;2;2;2;15;15;15;15;1;1;1;1;29;29;29;29;
('Horusec', 'SpotBugs');0;0;0;0;0;1;1;1;1;16;16;16;16;3;3;3;3;27;27;27;27;
('Kiuwan', 'SpotBugs');0;0;0;0;0;2;2;2;2;15;15;15;15;1;1;1;1;29;29;29;29;


HARDCODED CREDENTIALS
Tool;Recall;Recall*Informedness;F-measure;Markedness;Precision;TP;TP;TP;TP;FN;FN;FN;FN;FP;FP;FP;FP;TN;TN;TN;TN;
('Snyk', 'Fortify');0;0;0;0;0;24;24;24;24;9;9;9;9;1;1;1;1;6;6;6;6;
('Snyk', 'Semgrep');0;0;0;0;0;24;24;24;24;9;9;9;9;1;1;1;1;6;6;6;6;
('Snyk', 'Synopsis');0;0;0;0;0;0;0;0;0;33;33;33;33;0;0;0;0;7;7;7;7;
('Snyk', 'Horusec');0;0;0;0;0;24;24;24;24;9;9;9;9;1;1;1;1;6;6;6;6;
('Snyk', 'Kiuwan');0;0;0;0;0;24;24;24;24;9;9;9;9;1;1;1;1;6;6;6;6;
('Snyk', 'SpotBugs');0;0;0;0;0;24;24;24;2;9;9;9;31;1;1;1;0;6;6;6;7;
('Fortify', 'Semgrep');0;0;0;0;0;0;0;0;0;33;33;33;33;0;0;0;0;7;7;7;7;
('Fortify', 'Synopsis');0;0;0;0;0;0;0;0;0;33;33;33;33;0;0;0;0;7;7;7;7;
('Fortify', 'Horusec');0;0;0;0;0;7;7;7;7;26;26;26;26;0;0;0;0;7;7;7;7;
('Fortify', 'Kiuwan');0;0;0;0;0;10;10;10;10;23;23;23;23;1;1;1;1;6;6;6;6;
('Fortify', 'SpotBugs');0;0;0;0;0;2;2;2;2;31;31;31;31;0;0;0;0;7;7;7;7;
('Semgrep', 'Synopsis');0;0;0;0;0;0;0;0;0;33;33;33;33;0;0;0;0;7;7;7;7;
('Semgrep', 'Horusec');0;0;0;0;0;0;0;0;0;33;33;33;33;0;0;0;0;7;7;7;7;
('Semgrep', 'Kiuwan');0;0;0;0;0;10;10;10;0;23;23;23;33;1;1;1;0;6;6;6;7;
('Semgrep', 'SpotBugs');0;0;0;0;0;2;2;2;2;31;31;31;31;0;0;0;0;7;7;7;7;
('Synopsis', 'Horusec');0;0;0;0;0;0;0;0;0;33;33;33;33;0;0;0;0;7;7;7;7;
('Synopsis', 'Kiuwan');0;0;0;0;0;0;0;0;0;33;33;33;33;0;0;0;0;7;7;7;7;
('Synopsis', 'SpotBugs');0;0;0;0;0;0;0;0;2;33;33;33;31;0;0;0;0;7;7;7;7;
('Horusec', 'Kiuwan');0;0;0;0;0;10;10;10;10;23;23;23;23;1;1;1;1;6;6;6;6;
('Horusec', 'SpotBugs');0;0;0;0;0;2;2;2;2;31;31;31;31;0;0;0;0;7;7;7;7;
('Kiuwan', 'SpotBugs');0;0;0;0;0;10;10;2;2;23;23;31;31;1;1;0;0;6;6;7;7;


SQL INJECTION
Tool;Recall;Recall*Informedness;F-measure;Markedness;Precision;TP;TP;TP;TP;FN;FN;FN;FN;FP;FP;FP;FP;TN;TN;TN;TN;
('Snyk', 'Fortify');0;0;0;0;0;17;17;23;23;66;66;60;60;38;38;17;17;301;301;322;322;
('Snyk', 'Semgrep');0;0;0;0;0;22;22;23;23;61;61;60;60;52;52;17;17;287;287;322;322;
('Snyk', 'Synopsis');0;0;0;0;0;23;23;23;23;60;60;60;60;17;17;17;17;322;322;322;322;
('Snyk', 'Horusec');0;0;0;0;0;3;23;23;23;80;60;60;60;166;17;17;17;173;322;322;322;
('Snyk', 'Kiuwan');0;0;0;0;0;12;12;23;23;71;71;60;60;0;0;17;17;339;339;322;322;
('Snyk', 'SpotBugs');0;0;0;0;0;15;15;23;23;68;68;60;60;11;11;17;17;328;328;322;322;
('Fortify', 'Semgrep');0;0;0;0;0;22;22;17;17;61;61;66;66;52;52;38;38;287;287;301;301;
('Fortify', 'Synopsis');0;0;0;0;0;17;17;13;13;66;66;70;70;38;38;0;0;301;301;339;339;
('Fortify', 'Horusec');0;0;0;0;0;17;17;17;17;66;66;66;66;38;38;38;38;301;301;301;301;
('Fortify', 'Kiuwan');0;0;0;0;0;12;12;17;17;71;71;66;66;0;0;38;38;339;339;301;301;
('Fortify', 'SpotBugs');0;0;0;0;0;15;15;17;17;68;68;66;66;11;11;38;38;328;328;301;301;
('Semgrep', 'Synopsis');0;0;0;0;0;22;22;13;13;61;61;70;70;52;52;0;0;287;287;339;339;
('Semgrep', 'Horusec');0;0;0;0;0;22;22;22;22;61;61;61;61;52;52;52;52;287;287;287;287;
('Semgrep', 'Kiuwan');0;0;0;0;0;12;12;12;12;71;71;71;71;0;0;0;0;339;339;339;339;
('Semgrep', 'SpotBugs');0;0;0;0;0;15;15;22;22;68;68;61;61;11;11;52;52;328;328;287;287;
('Synopsis', 'Horusec');0;0;0;0;0;3;13;13;13;80;70;70;70;166;0;0;0;173;339;339;339;
('Synopsis', 'Kiuwan');0;0;0;0;0;12;12;13;13;71;71;70;70;0;0;0;0;339;339;339;339;
('Synopsis', 'SpotBugs');0;0;0;0;0;15;15;13;13;68;68;70;70;11;11;0;0;328;328;339;339;
('Horusec', 'Kiuwan');0;0;0;0;0;12;12;12;12;71;71;71;71;0;0;0;0;339;339;339;339;
('Horusec', 'SpotBugs');0;0;0;0;0;15;15;15;15;68;68;68;68;11;11;11;11;328;328;328;328;
('Kiuwan', 'SpotBugs');0;0;0;0;0;15;12;12;12;68;71;71;71;11;0;0;0;328;339;339;339;


WEAK HASH
Tool;Recall;Recall*Informedness;F-measure;Markedness;Precision;TP;TP;TP;TP;FN;FN;FN;FN;FP;FP;FP;FP;TN;TN;TN;TN;
('Snyk', 'Fortify');0;0;0;0;0;42;45;45;42;154;151;151;154;2;0;0;2;28;30;30;28;
('Snyk', 'Semgrep');0;0;0;0;0;45;45;45;4;151;151;151;192;0;0;0;0;30;30;30;30;
('Snyk', 'Synopsis');0;0;0;0;0;35;45;45;35;161;151;151;161;2;0;0;2;28;30;30;28;
('Snyk', 'Horusec');0;0;0;0;0;137;137;137;45;59;59;59;151;13;13;13;0;17;17;17;30;
('Snyk', 'Kiuwan');0;0;0;0;0;40;45;45;40;156;151;151;156;2;0;0;2;28;30;30;28;
('Snyk', 'SpotBugs');0;0;0;0;0;45;45;45;1;151;151;151;195;0;0;0;0;30;30;30;30;
('Fortify', 'Semgrep');0;0;0;0;0;42;42;42;4;154;154;154;192;2;2;2;0;28;28;28;30;
('Fortify', 'Synopsis');0;0;0;0;0;42;42;42;42;154;154;154;154;2;2;2;2;28;28;28;28;
('Fortify', 'Horusec');0;0;0;0;0;137;137;137;42;59;59;59;154;13;13;13;2;17;17;17;28;
('Fortify', 'Kiuwan');0;0;0;0;0;42;42;42;42;154;154;154;154;2;2;2;2;28;28;28;28;
('Fortify', 'SpotBugs');0;0;0;0;0;42;42;42;1;154;154;154;195;2;2;2;0;28;28;28;30;
('Semgrep', 'Synopsis');0;0;0;0;0;35;35;35;4;161;161;161;192;2;2;2;0;28;28;28;30;
('Semgrep', 'Horusec');0;0;0;0;0;137;137;137;4;59;59;59;192;13;13;13;0;17;17;17;30;
('Semgrep', 'Kiuwan');0;0;0;0;0;40;40;40;4;156;156;156;192;2;2;2;0;28;28;28;30;
('Semgrep', 'SpotBugs');0;0;0;0;0;1;1;1;1;195;195;195;195;0;0;0;0;30;30;30;30;
('Synopsis', 'Horusec');0;0;0;0;0;137;137;137;35;59;59;59;161;13;13;13;2;17;17;17;28;
('Synopsis', 'Kiuwan');0;0;0;0;0;40;40;40;40;156;156;156;156;2;2;2;2;28;28;28;28;
('Synopsis', 'SpotBugs');0;0;0;0;0;35;35;35;1;161;161;161;195;2;2;2;0;28;28;28;30;
('Horusec', 'Kiuwan');0;0;0;0;0;137;137;137;40;59;59;59;156;13;13;13;2;17;17;17;28;
('Horusec', 'SpotBugs');0;0;0;0;0;137;137;137;1;59;59;59;195;13;13;13;0;17;17;17;30;
('Kiuwan', 'SpotBugs');0;0;0;0;0;40;40;40;1;156;156;156;195;2;2;2;0;28;28;28;30;


HTTP SPLITTING
Tool;Recall;Recall*Informedness;F-measure;Markedness;Precision;TP;TP;TP;TP;FN;FN;FN;FN;FP;FP;FP;FP;TN;TN;TN;TN;
('Snyk', 'Fortify');0;0;0;0;0;4;4;4;4;2;2;2;2;6;6;6;6;20;20;20;20;
('Snyk', 'Semgrep');0;0;0;0;0;4;4;4;4;2;2;2;2;6;6;6;6;20;20;20;20;
('Snyk', 'Synopsis');0;0;0;0;0;4;4;4;4;2;2;2;2;6;6;6;6;20;20;20;20;
('Snyk', 'Horusec');0;0;0;0;0;4;4;4;4;2;2;2;2;6;6;6;6;20;20;20;20;
('Snyk', 'Kiuwan');0;0;0;0;0;4;4;4;4;2;2;2;2;6;6;6;6;20;20;20;20;
('Snyk', 'SpotBugs');0;0;0;0;0;3;3;4;4;3;3;2;2;0;0;6;6;26;26;20;20;
('Fortify', 'Semgrep');0;0;0;0;0;2;2;2;2;4;4;4;4;8;8;8;8;18;18;18;18;
('Fortify', 'Synopsis');0;0;0;0;0;2;2;2;2;4;4;4;4;8;8;8;8;18;18;18;18;
('Fortify', 'Horusec');0;0;0;0;0;2;2;2;2;4;4;4;4;8;8;8;8;18;18;18;18;
('Fortify', 'Kiuwan');0;0;0;0;0;3;3;3;3;3;3;3;3;10;10;10;10;16;16;16;16;
('Fortify', 'SpotBugs');0;0;0;0;0;3;3;3;3;3;3;3;3;0;0;0;0;26;26;26;26;
('Semgrep', 'Synopsis');0;0;0;0;0;0;0;0;0;6;6;6;6;0;0;0;0;26;26;26;26;
('Semgrep', 'Horusec');0;0;0;0;0;0;0;0;0;6;6;6;6;0;0;0;0;26;26;26;26;
('Semgrep', 'Kiuwan');0;0;0;0;0;3;3;3;3;3;3;3;3;10;10;10;10;16;16;16;16;
('Semgrep', 'SpotBugs');0;0;0;0;0;3;3;3;3;3;3;3;3;0;0;0;0;26;26;26;26;
('Synopsis', 'Horusec');0;0;0;0;0;0;0;0;0;6;6;6;6;0;0;0;0;26;26;26;26;
('Synopsis', 'Kiuwan');0;0;0;0;0;3;3;3;3;3;3;3;3;10;10;10;10;16;16;16;16;
('Synopsis', 'SpotBugs');0;0;0;0;0;3;3;3;3;3;3;3;3;0;0;0;0;26;26;26;26;
('Horusec', 'Kiuwan');0;0;0;0;0;3;3;3;3;3;3;3;3;10;10;10;10;16;16;16;16;
('Horusec', 'SpotBugs');0;0;0;0;0;3;3;3;3;3;3;3;3;0;0;0;0;26;26;26;26;
('Kiuwan', 'SpotBugs');0;0;0;0;0;3;3;3;3;3;3;3;3;0;0;10;10;26;26;16;16;


HARDCODED CONSTANTS
Tool;Recall;Recall*Informedness;F-measure;Markedness;Precision;TP;TP;TP;TP;FN;FN;FN;FN;FP;FP;FP;FP;TN;TN;TN;TN;
('Snyk', 'Fortify');0;0;0;0;0;23;23;23;23;2;2;2;2;0;0;0;0;3;3;3;3;
('Snyk', 'Semgrep');0;0;0;0;0;23;23;23;23;2;2;2;2;0;0;0;0;3;3;3;3;
('Snyk', 'Synopsis');0;0;0;0;0;23;23;23;23;2;2;2;2;0;0;0;0;3;3;3;3;
('Snyk', 'Horusec');0;0;0;0;0;23;23;23;23;2;2;2;2;0;0;0;0;3;3;3;3;
('Snyk', 'Kiuwan');0;0;0;0;0;23;23;23;23;2;2;2;2;0;0;0;0;3;3;3;3;
('Snyk', 'SpotBugs');0;0;0;0;0;23;23;23;23;2;2;2;2;0;0;0;0;3;3;3;3;
('Fortify', 'Semgrep');0;0;0;0;0;4;4;4;4;21;21;21;21;0;0;0;0;3;3;3;3;
('Fortify', 'Synopsis');0;0;0;0;0;5;5;5;4;20;20;20;21;0;0;0;0;3;3;3;3;
('Fortify', 'Horusec');0;0;0;0;0;4;5;5;4;21;20;20;21;0;0;0;0;3;3;3;3;
('Fortify', 'Kiuwan');0;0;0;0;0;5;5;5;5;20;20;20;20;0;0;0;0;3;3;3;3;
('Fortify', 'SpotBugs');0;0;0;0;0;1;1;1;1;24;24;24;24;0;0;0;0;3;3;3;3;
('Semgrep', 'Synopsis');0;0;0;0;0;5;5;5;5;20;20;20;20;0;0;0;0;3;3;3;3;
('Semgrep', 'Horusec');0;0;0;0;0;5;5;5;5;20;20;20;20;0;0;0;0;3;3;3;3;
('Semgrep', 'Kiuwan');0;0;0;0;0;5;5;5;5;20;20;20;20;0;0;0;0;3;3;3;3;
('Semgrep', 'SpotBugs');0;0;0;0;0;1;1;1;1;24;24;24;24;0;0;0;0;3;3;3;3;
('Synopsis', 'Horusec');0;0;0;0;0;5;5;5;5;20;20;20;20;0;0;0;0;3;3;3;3;
('Synopsis', 'Kiuwan');0;0;0;0;0;5;5;5;5;20;20;20;20;0;0;0;0;3;3;3;3;
('Synopsis', 'SpotBugs');0;0;0;0;0;5;5;5;1;20;20;20;24;0;0;0;0;3;3;3;3;
('Horusec', 'Kiuwan');0;0;0;0;0;5;5;5;5;20;20;20;20;0;0;0;0;3;3;3;3;
('Horusec', 'SpotBugs');0;0;0;0;0;1;1;1;1;24;24;24;24;0;0;0;0;3;3;3;3;
('Kiuwan', 'SpotBugs');0;0;0;0;0;5;5;5;5;20;20;20;20;0;0;0;0;3;3;3;3;


BYPASS AUTHORIZATION
Tool;Recall;Recall*Informedness;F-measure;Markedness;Precision;TP;TP;TP;TP;FN;FN;FN;FN;FP;FP;FP;FP;TN;TN;TN;TN;
('Snyk', 'Fortify');0;0;0;0;0;0;0;0;0;16;16;16;16;3;3;3;3;27;27;27;27;
('Snyk', 'Semgrep');0;0;0;0;0;0;0;0;0;16;16;16;16;3;3;3;3;27;27;27;27;
('Snyk', 'Synopsis');0;0;0;0;0;0;0;0;0;16;16;16;16;3;3;3;0;27;27;27;30;
('Snyk', 'Horusec');0;0;0;0;0;0;0;0;0;16;16;16;16;3;3;3;3;27;27;27;27;
('Snyk', 'Kiuwan');0;0;0;0;0;0;0;0;0;16;16;16;16;3;3;3;3;27;27;27;27;
('Snyk', 'SpotBugs');0;0;0;0;0;0;0;0;0;16;16;16;16;2;2;3;3;28;28;27;27;
('Fortify', 'Semgrep');0;0;0;0;0;0;0;0;1;16;16;16;15;0;0;0;1;30;30;30;29;
('Fortify', 'Synopsis');0;0;0;0;0;0;0;0;0;16;16;16;16;0;0;0;0;30;30;30;30;
('Fortify', 'Horusec');0;0;0;0;0;0;0;0;0;16;16;16;16;0;0;0;0;30;30;30;30;
('Fortify', 'Kiuwan');0;0;0;0;0;0;0;0;0;16;16;16;16;4;4;4;4;26;26;26;26;
('Fortify', 'SpotBugs');0;0;0;0;0;0;0;0;0;16;16;16;16;2;2;2;2;28;28;28;28;
('Semgrep', 'Synopsis');0;0;0;0;0;0;0;0;0;16;16;16;16;0;0;0;0;30;30;30;30;
('Semgrep', 'Horusec');0;0;0;0;0;1;1;1;1;15;15;15;15;1;1;1;1;29;29;29;29;
('Semgrep', 'Kiuwan');0;0;0;0;0;0;0;0;0;16;16;16;16;4;4;4;4;26;26;26;26;
('Semgrep', 'SpotBugs');0;0;0;0;0;0;0;0;1;16;16;16;15;2;2;2;1;28;28;28;29;
('Synopsis', 'Horusec');0;0;0;0;0;0;0;0;0;16;16;16;16;0;0;0;0;30;30;30;30;
('Synopsis', 'Kiuwan');0;0;0;0;0;0;0;0;0;16;16;16;16;4;4;0;0;26;26;30;30;
('Synopsis', 'SpotBugs');0;0;0;0;0;0;0;0;0;16;16;16;16;2;2;0;0;28;28;30;30;
('Horusec', 'Kiuwan');0;0;0;0;0;0;0;0;0;16;16;16;16;4;4;4;4;26;26;26;26;
('Horusec', 'SpotBugs');0;0;0;0;0;0;0;0;0;16;16;16;16;2;2;2;2;28;28;28;28;
('Kiuwan', 'SpotBugs');0;0;0;0;0;0;0;0;0;16;16;16;16;2;2;4;4;28;28;26;26;


CSRF
Tool;Recall;Recall*Informedness;F-measure;Markedness;Precision;TP;TP;TP;TP;FN;FN;FN;FN;FP;FP;FP;FP;TN;TN;TN;TN;
('Snyk', 'Fortify');0;0;0;0;0;9;10;10;9;269;268;268;269;0;2;2;0;82;80;80;82;
('Snyk', 'Semgrep');0;0;0;0;0;9;9;9;9;269;269;269;269;0;0;0;0;82;82;82;82;
('Snyk', 'Synopsis');0;0;0;0;0;9;9;9;9;269;269;269;269;0;0;0;0;82;82;82;82;
('Snyk', 'Horusec');0;0;0;0;0;9;9;9;9;269;269;269;269;0;0;0;0;82;82;82;82;
('Snyk', 'Kiuwan');0;0;0;0;0;202;202;202;202;76;76;76;76;0;0;0;0;82;82;82;82;
('Snyk', 'SpotBugs');0;0;0;0;0;9;9;9;9;269;269;269;269;0;0;0;0;82;82;82;82;
('Fortify', 'Semgrep');0;0;0;0;0;10;10;10;10;268;268;268;268;2;2;2;2;80;80;80;80;
('Fortify', 'Synopsis');0;0;0;0;0;4;10;10;4;274;268;268;274;0;2;2;0;82;80;80;82;
('Fortify', 'Horusec');0;0;0;0;0;10;10;10;10;268;268;268;268;2;2;2;2;80;80;80;80;
('Fortify', 'Kiuwan');0;0;0;0;0;202;202;202;202;76;76;76;76;0;0;0;0;82;82;82;82;
('Fortify', 'SpotBugs');0;0;0;0;0;10;10;10;10;268;268;268;268;2;2;2;2;80;80;80;80;
('Semgrep', 'Synopsis');0;0;0;0;0;4;8;8;4;274;270;270;274;0;5;5;0;82;77;77;82;
('Semgrep', 'Horusec');0;0;0;0;0;8;8;8;8;270;270;270;270;5;5;5;5;77;77;77;77;
('Semgrep', 'Kiuwan');0;0;0;0;0;202;202;202;202;76;76;76;76;0;0;0;0;82;82;82;82;
('Semgrep', 'SpotBugs');0;0;0;0;0;8;8;8;8;270;270;270;270;5;5;5;5;77;77;77;77;
('Synopsis', 'Horusec');0;0;0;0;0;4;4;4;4;274;274;274;274;0;0;0;0;82;82;82;82;
('Synopsis', 'Kiuwan');0;0;0;0;0;202;202;202;202;76;76;76;76;0;0;0;0;82;82;82;82;
('Synopsis', 'SpotBugs');0;0;0;0;0;4;5;5;4;274;273;273;274;0;5;5;0;82;77;77;82;
('Horusec', 'Kiuwan');0;0;0;0;0;202;202;202;202;76;76;76;76;0;0;0;0;82;82;82;82;
('Horusec', 'SpotBugs');0;0;0;0;0;5;5;5;5;273;273;273;273;5;5;5;5;77;77;77;77;
('Kiuwan', 'SpotBugs');0;0;0;0;0;202;202;202;202;76;76;76;76;0;0;0;0;82;82;82;82;


INSECURE DESERIALIZATION
Tool;Recall;Recall*Informedness;F-measure;Markedness;Precision;TP;TP;TP;TP;FN;FN;FN;FN;FP;FP;FP;FP;TN;TN;TN;TN;
('Snyk', 'Fortify');0;0;0;0;0;2;2;2;2;5;5;5;5;0;0;0;0;31;31;31;31;
('Snyk', 'Semgrep');0;0;0;0;0;3;2;2;2;4;5;5;5;26;0;0;0;5;31;31;31;
('Snyk', 'Synopsis');0;0;0;0;0;3;3;3;2;4;4;4;5;3;3;3;0;28;28;28;31;
('Snyk', 'Horusec');0;0;0;0;0;2;2;2;2;5;5;5;5;0;0;0;0;31;31;31;31;
('Snyk', 'Kiuwan');0;0;0;0;0;2;2;2;2;5;5;5;5;0;0;0;0;31;31;31;31;
('Snyk', 'SpotBugs');0;0;0;0;0;3;3;3;3;4;4;4;4;0;0;0;0;31;31;31;31;
('Fortify', 'Semgrep');0;0;0;0;0;3;3;3;0;4;4;4;7;26;26;26;0;5;5;5;31;
('Fortify', 'Synopsis');0;0;0;0;0;3;3;3;3;4;4;4;4;3;3;3;3;28;28;28;28;
('Fortify', 'Horusec');0;0;0;0;0;0;0;0;0;7;7;7;7;0;0;0;0;31;31;31;31;
('Fortify', 'Kiuwan');0;0;0;0;0;1;1;1;1;6;6;6;6;2;2;2;2;29;29;29;29;
('Fortify', 'SpotBugs');0;0;0;0;0;2;2;2;2;5;5;5;5;0;0;0;0;31;31;31;31;
('Semgrep', 'Synopsis');0;0;0;0;0;3;3;3;3;4;4;4;4;3;3;3;3;28;28;28;28;
('Semgrep', 'Horusec');0;0;0;0;0;3;3;3;0;4;4;4;7;26;26;26;0;5;5;5;31;
('Semgrep', 'Kiuwan');0;0;0;0;0;3;3;1;1;4;4;6;6;26;26;2;2;5;5;29;29;
('Semgrep', 'SpotBugs');0;0;0;0;0;3;2;2;2;4;5;5;5;26;0;0;0;5;31;31;31;
('Synopsis', 'Horusec');0;0;0;0;0;3;3;3;3;4;4;4;4;3;3;3;3;28;28;28;28;
('Synopsis', 'Kiuwan');0;0;0;0;0;3;3;3;3;4;4;4;4;3;3;3;3;28;28;28;28;
('Synopsis', 'SpotBugs');0;0;0;0;0;3;3;3;2;4;4;4;5;3;3;3;0;28;28;28;31;
('Horusec', 'Kiuwan');0;0;0;0;0;1;1;1;1;6;6;6;6;2;2;2;2;29;29;29;29;
('Horusec', 'SpotBugs');0;0;0;0;0;2;2;2;2;5;5;5;5;0;0;0;0;31;31;31;31;
('Kiuwan', 'SpotBugs');0;0;0;0;0;2;2;2;2;5;5;5;5;0;0;0;0;31;31;31;31;


XXE
Tool;Recall;Recall*Informedness;F-measure;Markedness;Precision;TP;TP;TP;TP;FN;FN;FN;FN;FP;FP;FP;FP;TN;TN;TN;TN;
('Snyk', 'Fortify');0;0;0;0;0;5;5;5;5;5;5;5;5;3;3;3;3;22;22;22;22;
('Snyk', 'Semgrep');0;0;0;0;0;5;5;5;5;5;5;5;5;3;3;3;3;22;22;22;22;
('Snyk', 'Synopsis');0;0;0;0;0;5;5;5;5;5;5;5;5;3;3;3;3;22;22;22;22;
('Snyk', 'Horusec');0;0;0;0;0;5;5;5;5;5;5;5;5;3;3;3;3;22;22;22;22;
('Snyk', 'Kiuwan');0;0;0;0;0;5;5;5;5;5;5;5;5;3;3;3;3;22;22;22;22;
('Snyk', 'SpotBugs');0;0;0;0;0;5;5;5;1;5;5;5;9;3;3;3;0;22;22;22;25;
('Fortify', 'Semgrep');0;0;0;0;0;2;2;2;2;8;8;8;8;12;12;12;12;13;13;13;13;
('Fortify', 'Synopsis');0;0;0;0;0;1;1;1;1;9;9;9;9;1;1;1;1;24;24;24;24;
('Fortify', 'Horusec');0;0;0;0;0;0;0;0;0;10;10;10;10;17;17;17;5;8;8;8;20;
('Fortify', 'Kiuwan');0;0;0;0;0;1;1;1;1;9;9;9;9;9;9;9;9;16;16;16;16;
('Fortify', 'SpotBugs');0;0;0;0;0;1;1;1;1;9;9;9;9;0;0;0;0;25;25;25;25;
('Semgrep', 'Synopsis');0;0;0;0;0;2;2;2;1;8;8;8;9;12;12;12;1;13;13;13;24;
('Semgrep', 'Horusec');0;0;0;0;0;2;2;2;2;8;8;8;8;12;12;12;12;13;13;13;13;
('Semgrep', 'Kiuwan');0;0;0;0;0;2;2;2;2;8;8;8;8;12;12;12;12;13;13;13;13;
('Semgrep', 'SpotBugs');0;0;0;0;0;2;2;2;1;8;8;8;9;12;12;12;0;13;13;13;25;
('Synopsis', 'Horusec');0;0;0;0;0;1;1;1;1;9;9;9;9;1;1;1;1;24;24;24;24;
('Synopsis', 'Kiuwan');0;0;0;0;0;1;1;1;1;9;9;9;9;1;1;1;1;24;24;24;24;
('Synopsis', 'SpotBugs');0;0;0;0;0;1;1;1;1;9;9;9;9;0;0;0;0;25;25;25;25;
('Horusec', 'Kiuwan');0;0;0;0;0;1;1;1;1;9;9;9;9;9;9;9;9;16;16;16;16;
('Horusec', 'SpotBugs');0;0;0;0;0;1;1;1;1;9;9;9;9;0;0;0;0;25;25;25;25;
('Kiuwan', 'SpotBugs');0;0;0;0;0;1;1;1;1;9;9;9;9;0;0;0;0;25;25;25;25;


BAD PROGRAMMING COOKIES
Tool;Recall;Recall*Informedness;F-measure;Markedness;Precision;TP;TP;TP;TP;FN;FN;FN;FN;FP;FP;FP;FP;TN;TN;TN;TN;
('Snyk', 'Fortify');0;0;0;0;0;43;43;43;43;69;69;69;69;5;5;5;5;30;30;30;30;
('Snyk', 'Semgrep');0;0;0;0;0;30;30;30;30;82;82;82;82;4;4;4;4;31;31;31;31;
('Snyk', 'Synopsis');0;0;0;0;0;39;39;39;39;73;73;73;73;1;1;1;1;34;34;34;34;
('Snyk', 'Horusec');0;0;0;0;0;43;43;43;43;69;69;69;69;5;5;5;5;30;30;30;30;
('Snyk', 'Kiuwan');0;0;0;0;0;43;43;43;43;69;69;69;69;5;5;5;5;30;30;30;30;
('Snyk', 'SpotBugs');0;0;0;0;0;43;43;43;43;69;69;69;69;5;5;5;5;30;30;30;30;
('Fortify', 'Semgrep');0;0;0;0;0;30;30;30;30;82;82;82;82;4;4;4;4;31;31;31;31;
('Fortify', 'Synopsis');0;0;0;0;0;39;39;39;39;73;73;73;73;1;1;1;1;34;34;34;34;
('Fortify', 'Horusec');0;0;0;0;0;46;46;46;46;66;66;66;66;12;12;12;12;23;23;23;23;
('Fortify', 'Kiuwan');0;0;0;0;0;46;46;46;46;66;66;66;66;12;12;12;12;23;23;23;23;
('Fortify', 'SpotBugs');0;0;0;0;0;0;0;0;0;112;112;112;112;0;0;0;0;35;35;35;35;
('Semgrep', 'Synopsis');0;0;0;0;0;30;30;30;39;82;82;82;73;4;4;4;1;31;31;31;34;
('Semgrep', 'Horusec');0;0;0;0;0;30;30;30;30;82;82;82;82;4;4;4;4;31;31;31;31;
('Semgrep', 'Kiuwan');0;0;0;0;0;30;30;30;30;82;82;82;82;4;4;4;4;31;31;31;31;
('Semgrep', 'SpotBugs');0;0;0;0;0;30;30;30;30;82;82;82;82;4;4;4;4;31;31;31;31;
('Synopsis', 'Horusec');0;0;0;0;0;39;39;39;39;73;73;73;73;1;1;1;1;34;34;34;34;
('Synopsis', 'Kiuwan');0;0;0;0;0;39;39;39;39;73;73;73;73;1;1;1;1;34;34;34;34;
('Synopsis', 'SpotBugs');0;0;0;0;0;39;39;39;39;73;73;73;73;1;1;1;1;34;34;34;34;
('Horusec', 'Kiuwan');0;0;0;0;0;1;1;1;1;111;111;111;111;0;0;0;0;35;35;35;35;
('Horusec', 'SpotBugs');0;0;0;0;0;0;0;0;0;112;112;112;112;0;0;0;0;35;35;35;35;
('Kiuwan', 'SpotBugs');0;0;0;0;0;0;0;0;0;112;112;112;112;0;0;0;0;35;35;35;35;


WEAK RANDOM
Tool;Recall;Recall*Informedness;F-measure;Markedness;Precision;TP;TP;TP;TP;FN;FN;FN;FN;FP;FP;FP;FP;TN;TN;TN;TN;
('Snyk', 'Fortify');0;0;0;0;0;44;44;44;6;11;11;11;49;0;0;0;0;7;7;7;7;
('Snyk', 'Semgrep');0;0;0;0;0;9;9;9;9;46;46;46;46;0;0;0;0;7;7;7;7;
('Snyk', 'Synopsis');0;0;0;0;0;19;19;19;19;36;36;36;36;0;0;0;0;7;7;7;7;
('Snyk', 'Horusec');0;0;0;0;0;6;6;6;6;49;49;49;49;0;0;0;0;7;7;7;7;
('Snyk', 'Kiuwan');0;0;0;0;0;6;6;6;6;49;49;49;49;0;0;0;0;7;7;7;7;
('Snyk', 'SpotBugs');0;0;0;0;0;11;11;11;11;44;44;44;44;0;0;0;0;7;7;7;7;
('Fortify', 'Semgrep');0;0;0;0;0;44;44;44;9;11;11;11;46;0;0;0;0;7;7;7;7;
('Fortify', 'Synopsis');0;0;0;0;0;44;44;44;19;11;11;11;36;0;0;0;0;7;7;7;7;
('Fortify', 'Horusec');0;0;0;0;0;44;44;44;44;11;11;11;11;0;0;0;0;7;7;7;7;
('Fortify', 'Kiuwan');0;0;0;0;0;44;44;44;44;11;11;11;11;0;0;0;0;7;7;7;7;
('Fortify', 'SpotBugs');0;0;0;0;0;44;44;44;11;11;11;11;44;0;0;0;0;7;7;7;7;
('Semgrep', 'Synopsis');0;0;0;0;0;19;19;19;19;36;36;36;36;0;0;0;0;7;7;7;7;
('Semgrep', 'Horusec');0;0;0;0;0;9;9;9;9;46;46;46;46;0;0;0;0;7;7;7;7;
('Semgrep', 'Kiuwan');0;0;0;0;0;9;9;9;9;46;46;46;46;0;0;0;0;7;7;7;7;
('Semgrep', 'SpotBugs');0;0;0;0;0;11;11;11;11;44;44;44;44;0;0;0;0;7;7;7;7;
('Synopsis', 'Horusec');0;0;0;0;0;19;19;19;19;36;36;36;36;0;0;0;0;7;7;7;7;
('Synopsis', 'Kiuwan');0;0;0;0;0;19;19;19;19;36;36;36;36;0;0;0;0;7;7;7;7;
('Synopsis', 'SpotBugs');0;0;0;0;0;11;11;11;11;44;44;44;44;0;0;0;0;7;7;7;7;
('Horusec', 'Kiuwan');0;0;0;0;0;16;16;16;16;39;39;39;39;3;3;3;3;4;4;4;4;
('Horusec', 'SpotBugs');0;0;0;0;0;11;11;11;11;44;44;44;44;0;0;0;0;7;7;7;7;
('Kiuwan', 'SpotBugs');0;0;0;0;0;11;11;11;11;44;44;44;44;0;0;0;0;7;7;7;7;


LDAP INJECTION
Tool;Recall;Recall*Informedness;F-measure;Markedness;Precision;TP;TP;TP;TP;FN;FN;FN;FN;FP;FP;FP;FP;TN;TN;TN;TN;
('Snyk', 'Fortify');0;0;0;0;0;0;0;0;0;1;1;1;1;0;0;0;0;0;0;0;0;
('Snyk', 'Semgrep');0;0;0;0;0;0;0;0;0;1;1;1;1;0;0;0;0;0;0;0;0;
('Snyk', 'Synopsis');0;0;0;0;0;0;0;0;0;1;1;1;1;0;0;0;0;0;0;0;0;
('Snyk', 'Horusec');0;0;0;0;0;0;0;0;0;1;1;1;1;0;0;0;0;0;0;0;0;
('Snyk', 'Kiuwan');0;0;0;0;0;0;0;0;1;1;1;1;0;0;0;0;0;0;0;0;0;
('Snyk', 'SpotBugs');0;0;0;0;0;0;0;0;0;1;1;1;1;0;0;0;0;0;0;0;0;
('Fortify', 'Semgrep');0;0;0;0;0;0;0;0;0;1;1;1;1;0;0;0;0;0;0;0;0;
('Fortify', 'Synopsis');0;0;0;0;0;0;0;0;0;1;1;1;1;0;0;0;0;0;0;0;0;
('Fortify', 'Horusec');0;0;0;0;0;0;0;0;0;1;1;1;1;0;0;0;0;0;0;0;0;
('Fortify', 'Kiuwan');0;0;0;0;0;0;0;0;1;1;1;1;0;0;0;0;0;0;0;0;0;
('Fortify', 'SpotBugs');0;0;0;0;0;0;0;0;0;1;1;1;1;0;0;0;0;0;0;0;0;
('Semgrep', 'Synopsis');0;0;0;0;0;0;0;0;0;1;1;1;1;0;0;0;0;0;0;0;0;
('Semgrep', 'Horusec');0;0;0;0;0;0;0;0;0;1;1;1;1;0;0;0;0;0;0;0;0;
('Semgrep', 'Kiuwan');0;0;0;0;0;0;0;1;1;1;1;0;0;0;0;0;0;0;0;0;0;
('Semgrep', 'SpotBugs');0;0;0;0;0;0;0;0;0;1;1;1;1;0;0;0;0;0;0;0;0;
('Synopsis', 'Horusec');0;0;0;0;0;0;0;0;0;1;1;1;1;0;0;0;0;0;0;0;0;
('Synopsis', 'Kiuwan');0;0;0;0;0;0;0;1;1;1;1;0;0;0;0;0;0;0;0;0;0;
('Synopsis', 'SpotBugs');0;0;0;0;0;0;0;0;0;1;1;1;1;0;0;0;0;0;0;0;0;
('Horusec', 'Kiuwan');0;0;0;0;0;0;0;0;0;1;1;1;1;0;0;0;0;0;0;0;0;
('Horusec', 'SpotBugs');0;0;0;0;0;0;0;0;0;1;1;1;1;0;0;0;0;0;0;0;0;
('Kiuwan', 'SpotBugs');0;0;0;0;0;0;0;1;1;1;1;0;0;0;0;0;0;0;0;0;0;


METHOD TAMPERING
Tool;Recall;Recall*Informedness;F-measure;Markedness;Precision;TP;TP;TP;TP;FN;FN;FN;FN;FP;FP;FP;FP;TN;TN;TN;TN;
('Snyk', 'Fortify');0;0;0;0;0;0;0;0;0;149;149;149;149;0;0;0;0;48;48;48;48;
('Snyk', 'Semgrep');0;0;0;0;0;1;1;1;1;148;148;148;148;0;0;0;0;48;48;48;48;
('Snyk', 'Synopsis');0;0;0;0;0;0;0;0;0;149;149;149;149;0;0;0;0;48;48;48;48;
('Snyk', 'Horusec');0;0;0;0;0;0;0;0;0;149;149;149;149;0;0;0;0;48;48;48;48;
('Snyk', 'Kiuwan');0;0;0;0;0;137;137;137;137;12;12;12;12;0;0;0;0;48;48;48;48;
('Snyk', 'SpotBugs');0;0;0;0;0;0;0;0;0;149;149;149;149;0;0;0;0;48;48;48;48;
('Fortify', 'Semgrep');0;0;0;0;0;1;1;1;1;148;148;148;148;0;0;0;0;48;48;48;48;
('Fortify', 'Synopsis');0;0;0;0;0;0;0;0;0;149;149;149;149;0;0;0;0;48;48;48;48;
('Fortify', 'Horusec');0;0;0;0;0;0;0;0;0;149;149;149;149;0;0;0;0;48;48;48;48;
('Fortify', 'Kiuwan');0;0;0;0;0;137;137;137;137;12;12;12;12;0;0;0;0;48;48;48;48;
('Fortify', 'SpotBugs');0;0;0;0;0;0;0;0;0;149;149;149;149;0;0;0;0;48;48;48;48;
('Semgrep', 'Synopsis');0;0;0;0;0;1;1;1;1;148;148;148;148;0;0;0;0;48;48;48;48;
('Semgrep', 'Horusec');0;0;0;0;0;1;1;1;1;148;148;148;148;0;0;0;0;48;48;48;48;
('Semgrep', 'Kiuwan');0;0;0;0;0;137;137;137;137;12;12;12;12;0;0;0;0;48;48;48;48;
('Semgrep', 'SpotBugs');0;0;0;0;0;1;1;1;1;148;148;148;148;0;0;0;0;48;48;48;48;
('Synopsis', 'Horusec');0;0;0;0;0;0;0;0;0;149;149;149;149;0;0;0;0;48;48;48;48;
('Synopsis', 'Kiuwan');0;0;0;0;0;137;137;137;137;12;12;12;12;0;0;0;0;48;48;48;48;
('Synopsis', 'SpotBugs');0;0;0;0;0;0;0;0;0;149;149;149;149;0;0;0;0;48;48;48;48;
('Horusec', 'Kiuwan');0;0;0;0;0;137;137;137;137;12;12;12;12;0;0;0;0;48;48;48;48;
('Horusec', 'SpotBugs');0;0;0;0;0;0;0;0;0;149;149;149;149;0;0;0;0;48;48;48;48;
('Kiuwan', 'SpotBugs');0;0;0;0;0;137;137;137;137;12;12;12;12;0;0;0;0;48;48;48;48;


OUTDATED COMPONENTS
Tool;Recall;Recall*Informedness;F-measure;Markedness;Precision;TP;TP;TP;TP;FN;FN;FN;FN;FP;FP;FP;FP;TN;TN;TN;TN;
('Snyk', 'Fortify');0;0;0;0;0;3;3;3;1;217;217;217;219;0;0;0;0;7;7;7;7;
('Snyk', 'Semgrep');0;0;0;0;0;5;5;5;5;215;215;215;215;0;0;0;0;7;7;7;7;
('Snyk', 'Synopsis');0;0;0;0;0;2;2;2;2;218;218;218;218;0;0;0;0;7;7;7;7;
('Snyk', 'Horusec');0;0;0;0;0;1;10;10;1;219;210;210;219;0;2;2;0;7;5;5;7;
('Snyk', 'Kiuwan');0;0;0;0;0;195;195;195;195;25;25;25;25;0;0;0;0;7;7;7;7;
('Snyk', 'SpotBugs');0;0;0;0;0;1;1;1;1;219;219;219;219;0;0;0;0;7;7;7;7;
('Fortify', 'Semgrep');0;0;0;0;0;3;3;3;5;217;217;217;215;0;0;0;0;7;7;7;7;
('Fortify', 'Synopsis');0;0;0;0;0;3;3;3;1;217;217;217;219;0;0;0;0;7;7;7;7;
('Fortify', 'Horusec');0;0;0;0;0;3;3;3;10;217;217;217;210;0;0;0;2;7;7;7;5;
('Fortify', 'Kiuwan');0;0;0;0;0;195;195;195;195;25;25;25;25;0;0;0;0;7;7;7;7;
('Fortify', 'SpotBugs');0;0;0;0;0;3;3;3;0;217;217;217;220;0;0;0;0;7;7;7;7;
('Semgrep', 'Synopsis');0;0;0;0;0;5;5;5;5;215;215;215;215;0;0;0;0;7;7;7;7;
('Semgrep', 'Horusec');0;0;0;0;0;5;10;10;5;215;210;210;215;0;2;2;0;7;5;5;7;
('Semgrep', 'Kiuwan');0;0;0;0;0;195;195;195;195;25;25;25;25;0;0;0;0;7;7;7;7;
('Semgrep', 'SpotBugs');0;0;0;0;0;5;5;5;5;215;215;215;215;0;0;0;0;7;7;7;7;
('Synopsis', 'Horusec');0;0;0;0;0;1;10;10;1;219;210;210;219;0;2;2;0;7;5;5;7;
('Synopsis', 'Kiuwan');0;0;0;0;0;195;195;195;195;25;25;25;25;0;0;0;0;7;7;7;7;
('Synopsis', 'SpotBugs');0;0;0;0;0;1;1;1;1;219;219;219;219;0;0;0;0;7;7;7;7;
('Horusec', 'Kiuwan');0;0;0;0;0;195;195;195;195;25;25;25;25;0;0;0;0;7;7;7;7;
('Horusec', 'SpotBugs');0;0;0;0;0;10;10;10;10;210;210;210;210;2;2;2;2;5;5;5;5;
('Kiuwan', 'SpotBugs');0;0;0;0;0;195;195;195;195;25;25;25;25;0;0;0;0;7;7;7;7;


IMPROPER ERROR HANDLING
Tool;Recall;Recall*Informedness;F-measure;Markedness;Precision;TP;TP;TP;TP;FN;FN;FN;FN;FP;FP;FP;FP;TN;TN;TN;TN;
('Snyk', 'Fortify');0;0;0;0;0;350;350;350;350;260;260;260;260;71;71;71;71;343;343;343;343;
('Snyk', 'Semgrep');0;0;0;0;0;4;4;4;4;606;606;606;606;0;0;0;0;414;414;414;414;
('Snyk', 'Synopsis');0;0;0;0;0;0;0;0;0;610;610;610;610;0;0;0;0;414;414;414;414;
('Snyk', 'Horusec');0;0;0;0;0;61;61;61;61;549;549;549;549;0;0;0;0;414;414;414;414;
('Snyk', 'Kiuwan');0;0;0;0;0;1;1;1;1;609;609;609;609;0;0;0;0;414;414;414;414;
('Snyk', 'SpotBugs');0;0;0;0;0;0;0;0;0;610;610;610;610;0;0;0;0;414;414;414;414;
('Fortify', 'Semgrep');0;0;0;0;0;350;350;350;4;260;260;260;606;71;71;71;0;343;343;343;414;
('Fortify', 'Synopsis');0;0;0;0;0;350;350;350;350;260;260;260;260;71;71;71;71;343;343;343;343;
('Fortify', 'Horusec');0;0;0;0;0;350;350;350;61;260;260;260;549;71;71;71;0;343;343;343;414;
('Fortify', 'Kiuwan');0;0;0;0;0;350;350;350;1;260;260;260;609;71;71;71;0;343;343;343;414;
('Fortify', 'SpotBugs');0;0;0;0;0;350;350;350;350;260;260;260;260;71;71;71;71;343;343;343;343;
('Semgrep', 'Synopsis');0;0;0;0;0;4;4;4;4;606;606;606;606;0;0;0;0;414;414;414;414;
('Semgrep', 'Horusec');0;0;0;0;0;61;61;61;61;549;549;549;549;0;0;0;0;414;414;414;414;
('Semgrep', 'Kiuwan');0;0;0;0;0;4;1;1;4;606;609;609;606;0;0;0;0;414;414;414;414;
('Semgrep', 'SpotBugs');0;0;0;0;0;4;4;4;4;606;606;606;606;0;0;0;0;414;414;414;414;
('Synopsis', 'Horusec');0;0;0;0;0;61;61;61;61;549;549;549;549;0;0;0;0;414;414;414;414;
('Synopsis', 'Kiuwan');0;0;0;0;0;1;1;1;1;609;609;609;609;0;0;0;0;414;414;414;414;
('Synopsis', 'SpotBugs');0;0;0;0;0;0;0;0;0;610;610;610;610;0;0;0;0;414;414;414;414;
('Horusec', 'Kiuwan');0;0;0;0;0;61;61;61;61;549;549;549;549;0;0;0;0;414;414;414;414;
('Horusec', 'SpotBugs');0;0;0;0;0;61;61;61;61;549;549;549;549;0;0;0;0;414;414;414;414;
('Kiuwan', 'SpotBugs');0;0;0;0;0;1;1;1;1;609;609;609;609;0;0;0;0;414;414;414;414;


SESSION EXPIRATION
Tool;Recall;Recall*Informedness;F-measure;Markedness;Precision;TP;TP;TP;TP;FN;FN;FN;FN;FP;FP;FP;FP;TN;TN;TN;TN;
('Snyk', 'Fortify');0;0;0;0;0;0;0;0;0;0;0;0;0;0;0;0;0;0;0;0;0;
('Snyk', 'Semgrep');0;0;0;0;0;0;0;0;0;0;0;0;0;0;0;0;0;0;0;0;0;
('Snyk', 'Synopsis');0;0;0;0;0;0;0;0;0;0;0;0;0;0;0;0;0;0;0;0;0;
('Snyk', 'Horusec');0;0;0;0;0;0;0;0;0;0;0;0;0;0;0;0;0;0;0;0;0;
('Snyk', 'Kiuwan');0;0;0;0;0;0;0;0;0;0;0;0;0;0;0;0;0;0;0;0;0;
('Snyk', 'SpotBugs');0;0;0;0;0;0;0;0;0;0;0;0;0;0;0;0;0;0;0;0;0;
('Fortify', 'Semgrep');0;0;0;0;0;0;0;0;0;0;0;0;0;0;0;0;0;0;0;0;0;
('Fortify', 'Synopsis');0;0;0;0;0;0;0;0;0;0;0;0;0;0;0;0;0;0;0;0;0;
('Fortify', 'Horusec');0;0;0;0;0;0;0;0;0;0;0;0;0;0;0;0;0;0;0;0;0;
('Fortify', 'Kiuwan');0;0;0;0;0;0;0;0;0;0;0;0;0;0;0;0;0;0;0;0;0;
('Fortify', 'SpotBugs');0;0;0;0;0;0;0;0;0;0;0;0;0;0;0;0;0;0;0;0;0;
('Semgrep', 'Synopsis');0;0;0;0;0;0;0;0;0;0;0;0;0;0;0;0;0;0;0;0;0;
('Semgrep', 'Horusec');0;0;0;0;0;0;0;0;0;0;0;0;0;0;0;0;0;0;0;0;0;
('Semgrep', 'Kiuwan');0;0;0;0;0;0;0;0;0;0;0;0;0;0;0;0;0;0;0;0;0;
('Semgrep', 'SpotBugs');0;0;0;0;0;0;0;0;0;0;0;0;0;0;0;0;0;0;0;0;0;
('Synopsis', 'Horusec');0;0;0;0;0;0;0;0;0;0;0;0;0;0;0;0;0;0;0;0;0;
('Synopsis', 'Kiuwan');0;0;0;0;0;0;0;0;0;0;0;0;0;0;0;0;0;0;0;0;0;
('Synopsis', 'SpotBugs');0;0;0;0;0;0;0;0;0;0;0;0;0;0;0;0;0;0;0;0;0;
('Horusec', 'Kiuwan');0;0;0;0;0;0;0;0;0;0;0;0;0;0;0;0;0;0;0;0;0;
('Horusec', 'SpotBugs');0;0;0;0;0;0;0;0;0;0;0;0;0;0;0;0;0;0;0;0;0;
('Kiuwan', 'SpotBugs');0;0;0;0;0;0;0;0;0;0;0;0;0;0;0;0;0;0;0;0;0;


OS COMMAND INJECTION
Tool;Recall;Recall*Informedness;F-measure;Markedness;Precision;TP;TP;TP;TP;FN;FN;FN;FN;FP;FP;FP;FP;TN;TN;TN;TN;
('Snyk', 'Fortify');0;0;0;0;0;6;5;5;5;3;4;4;4;19;0;0;0;14;33;33;33;
('Snyk', 'Semgrep');0;0;0;0;0;5;5;5;5;4;4;4;4;0;0;0;0;33;33;33;33;
('Snyk', 'Synopsis');0;0;0;0;0;5;5;5;5;4;4;4;4;0;0;0;0;33;33;33;33;
('Snyk', 'Horusec');0;0;0;0;0;5;5;5;0;4;4;4;9;0;0;0;5;33;33;33;28;
('Snyk', 'Kiuwan');0;0;0;0;0;5;5;5;5;4;4;4;4;0;0;0;0;33;33;33;33;
('Snyk', 'SpotBugs');0;0;0;0;0;0;5;5;5;9;4;4;4;0;0;0;0;33;33;33;33;
('Fortify', 'Semgrep');0;0;0;0;0;6;6;6;9;3;3;3;0;19;19;19;16;14;14;14;17;
('Fortify', 'Synopsis');0;0;0;0;0;6;6;0;0;3;3;9;9;19;19;0;0;14;14;33;33;
('Fortify', 'Horusec');0;0;0;0;0;6;6;0;0;3;3;9;9;19;19;5;5;14;14;28;28;
('Fortify', 'Kiuwan');0;0;0;0;0;6;6;5;5;3;3;4;4;19;19;0;0;14;14;33;33;
('Fortify', 'SpotBugs');0;0;0;0;0;0;6;6;0;9;3;3;9;0;19;19;0;33;14;14;33;
('Semgrep', 'Synopsis');0;0;0;0;0;0;0;0;0;9;9;9;9;0;0;0;0;33;33;33;33;
('Semgrep', 'Horusec');0;0;0;0;0;0;0;0;0;9;9;9;9;5;5;5;5;28;28;28;28;
('Semgrep', 'Kiuwan');0;0;0;0;0;5;5;5;5;4;4;4;4;0;0;0;0;33;33;33;33;
('Semgrep', 'SpotBugs');0;0;0;0;0;0;0;0;9;9;9;9;0;0;0;0;16;33;33;33;17;
('Synopsis', 'Horusec');0;0;0;0;0;0;0;0;0;9;9;9;9;5;5;5;5;28;28;28;28;
('Synopsis', 'Kiuwan');0;0;0;0;0;5;5;5;0;4;4;4;9;0;0;0;0;33;33;33;33;
('Synopsis', 'SpotBugs');0;0;0;0;0;0;0;0;0;9;9;9;9;0;0;0;0;33;33;33;33;
('Horusec', 'Kiuwan');0;0;0;0;0;5;5;0;0;4;4;9;9;0;0;5;5;33;33;28;28;
('Horusec', 'SpotBugs');0;0;0;0;0;0;0;0;0;9;9;9;9;0;0;5;5;33;33;28;28;
('Kiuwan', 'SpotBugs');0;0;0;0;0;0;0;5;5;9;9;4;4;0;0;0;0;33;33;33;33;


XPATH
Tool;Recall;Recall*Informedness;F-measure;Markedness;Precision;TP;TP;TP;TP;FN;FN;FN;FN;FP;FP;FP;FP;TN;TN;TN;TN;
('Snyk', 'Fortify');0;0;0;0;0;0;0;0;0;2;2;2;2;3;3;3;3;0;0;0;0;
('Snyk', 'Semgrep');0;0;0;0;0;0;0;0;1;2;2;2;1;0;0;0;0;3;3;3;3;
('Snyk', 'Synopsis');0;0;0;0;0;0;0;0;1;2;2;2;1;0;0;0;0;3;3;3;3;
('Snyk', 'Horusec');0;0;0;0;0;1;1;1;1;1;1;1;1;0;0;0;0;3;3;3;3;
('Snyk', 'Kiuwan');0;0;0;0;0;0;0;0;1;2;2;2;1;0;0;0;0;3;3;3;3;
('Snyk', 'SpotBugs');0;0;0;0;0;0;0;0;1;2;2;2;1;0;0;0;0;3;3;3;3;
('Fortify', 'Semgrep');0;0;0;0;0;0;0;0;0;2;2;2;2;3;3;3;3;0;0;0;0;
('Fortify', 'Synopsis');0;0;0;0;0;0;0;0;0;2;2;2;2;3;3;3;3;0;0;0;0;
('Fortify', 'Horusec');0;0;0;0;0;0;0;0;0;2;2;2;2;3;3;3;3;0;0;0;0;
('Fortify', 'Kiuwan');0;0;0;0;0;0;0;0;0;2;2;2;2;3;3;3;3;0;0;0;0;
('Fortify', 'SpotBugs');0;0;0;0;0;0;0;0;0;2;2;2;2;3;3;3;3;0;0;0;0;
('Semgrep', 'Synopsis');0;0;0;0;0;0;0;0;0;2;2;2;2;0;0;0;0;3;3;3;3;
('Semgrep', 'Horusec');0;0;0;0;0;0;0;0;0;2;2;2;2;0;0;0;0;3;3;3;3;
('Semgrep', 'Kiuwan');0;0;0;0;0;0;0;0;0;2;2;2;2;0;0;0;0;3;3;3;3;
('Semgrep', 'SpotBugs');0;0;0;0;0;0;0;0;0;2;2;2;2;0;0;0;0;3;3;3;3;
('Synopsis', 'Horusec');0;0;0;0;0;0;0;0;0;2;2;2;2;0;0;0;0;3;3;3;3;
('Synopsis', 'Kiuwan');0;0;0;0;0;0;0;0;0;2;2;2;2;0;0;0;0;3;3;3;3;
('Synopsis', 'SpotBugs');0;0;0;0;0;0;0;0;0;2;2;2;2;0;0;0;0;3;3;3;3;
('Horusec', 'Kiuwan');0;0;0;0;0;0;0;0;0;2;2;2;2;0;0;0;0;3;3;3;3;
('Horusec', 'SpotBugs');0;0;0;0;0;0;0;0;0;2;2;2;2;0;0;0;0;3;3;3;3;
('Kiuwan', 'SpotBugs');0;0;0;0;0;0;0;0;0;2;2;2;2;0;0;0;0;3;3;3;3;


BYPASS AUTHENTICATION
Tool;Recall;Recall*Informedness;F-measure;Markedness;Precision;TP;TP;TP;TP;FN;FN;FN;FN;FP;FP;FP;FP;TN;TN;TN;TN;
('Snyk', 'Fortify');0;0;0;0;0;0;0;0;0;3;3;3;3;0;0;0;0;0;0;0;0;
('Snyk', 'Semgrep');0;0;0;0;0;0;0;0;0;3;3;3;3;0;0;0;0;0;0;0;0;
('Snyk', 'Synopsis');0;0;0;0;0;0;0;0;0;3;3;3;3;0;0;0;0;0;0;0;0;
('Snyk', 'Horusec');0;0;0;0;0;0;0;0;0;3;3;3;3;0;0;0;0;0;0;0;0;
('Snyk', 'Kiuwan');0;0;0;0;0;0;0;0;0;3;3;3;3;0;0;0;0;0;0;0;0;
('Snyk', 'SpotBugs');0;0;0;0;0;0;0;0;0;3;3;3;3;0;0;0;0;0;0;0;0;
('Fortify', 'Semgrep');0;0;0;0;0;0;0;0;0;3;3;3;3;0;0;0;0;0;0;0;0;
('Fortify', 'Synopsis');0;0;0;0;0;0;0;0;0;3;3;3;3;0;0;0;0;0;0;0;0;
('Fortify', 'Horusec');0;0;0;0;0;0;0;0;0;3;3;3;3;0;0;0;0;0;0;0;0;
('Fortify', 'Kiuwan');0;0;0;0;0;0;0;0;0;3;3;3;3;0;0;0;0;0;0;0;0;
('Fortify', 'SpotBugs');0;0;0;0;0;0;0;0;0;3;3;3;3;0;0;0;0;0;0;0;0;
('Semgrep', 'Synopsis');0;0;0;0;0;0;0;0;0;3;3;3;3;0;0;0;0;0;0;0;0;
('Semgrep', 'Horusec');0;0;0;0;0;0;0;0;0;3;3;3;3;0;0;0;0;0;0;0;0;
('Semgrep', 'Kiuwan');0;0;0;0;0;0;0;0;0;3;3;3;3;0;0;0;0;0;0;0;0;
('Semgrep', 'SpotBugs');0;0;0;0;0;0;0;0;0;3;3;3;3;0;0;0;0;0;0;0;0;
('Synopsis', 'Horusec');0;0;0;0;0;0;0;0;0;3;3;3;3;0;0;0;0;0;0;0;0;
('Synopsis', 'Kiuwan');0;0;0;0;0;0;0;0;0;3;3;3;3;0;0;0;0;0;0;0;0;
('Synopsis', 'SpotBugs');0;0;0;0;0;0;0;0;0;3;3;3;3;0;0;0;0;0;0;0;0;
('Horusec', 'Kiuwan');0;0;0;0;0;0;0;0;0;3;3;3;3;0;0;0;0;0;0;0;0;
('Horusec', 'SpotBugs');0;0;0;0;0;0;0;0;0;3;3;3;3;0;0;0;0;0;0;0;0;
('Kiuwan', 'SpotBugs');0;0;0;0;0;0;0;0;0;3;3;3;3;0;0;0;0;0;0;0;0;


TRUST BOUNDARY
Tool;Recall;Recall*Informedness;F-measure;Markedness;Precision;TP;TP;TP;TP;FN;FN;FN;FN;FP;FP;FP;FP;TN;TN;TN;TN;
('Snyk', 'Fortify');0;0;0;0;0;0;0;0;0;0;0;0;0;0;0;0;0;18;18;18;18;
('Snyk', 'Semgrep');0;0;0;0;0;0;0;0;0;0;0;0;0;0;0;0;0;18;18;18;18;
('Snyk', 'Synopsis');0;0;0;0;0;0;0;0;0;0;0;0;0;0;0;0;0;18;18;18;18;
('Snyk', 'Horusec');0;0;0;0;0;0;0;0;0;0;0;0;0;0;0;0;0;18;18;18;18;
('Snyk', 'Kiuwan');0;0;0;0;0;0;0;0;0;0;0;0;0;0;0;0;0;18;18;18;18;
('Snyk', 'SpotBugs');0;0;0;0;0;0;0;0;0;0;0;0;0;5;5;5;0;13;13;13;18;
('Fortify', 'Semgrep');0;0;0;0;0;0;0;0;0;0;0;0;0;0;0;0;0;18;18;18;18;
('Fortify', 'Synopsis');0;0;0;0;0;0;0;0;0;0;0;0;0;0;0;0;0;18;18;18;18;
('Fortify', 'Horusec');0;0;0;0;0;0;0;0;0;0;0;0;0;0;0;0;0;18;18;18;18;
('Fortify', 'Kiuwan');0;0;0;0;0;0;0;0;0;0;0;0;0;13;13;0;0;5;5;18;18;
('Fortify', 'SpotBugs');0;0;0;0;0;0;0;0;0;0;0;0;0;5;5;5;0;13;13;13;18;
('Semgrep', 'Synopsis');0;0;0;0;0;0;0;0;0;0;0;0;0;0;0;0;0;18;18;18;18;
('Semgrep', 'Horusec');0;0;0;0;0;0;0;0;0;0;0;0;0;0;0;0;0;18;18;18;18;
('Semgrep', 'Kiuwan');0;0;0;0;0;0;0;0;0;0;0;0;0;13;0;0;0;5;18;18;18;
('Semgrep', 'SpotBugs');0;0;0;0;0;0;0;0;0;0;0;0;0;5;5;5;0;13;13;13;18;
('Synopsis', 'Horusec');0;0;0;0;0;0;0;0;0;0;0;0;0;0;0;0;0;18;18;18;18;
('Synopsis', 'Kiuwan');0;0;0;0;0;0;0;0;0;0;0;0;0;0;0;0;0;18;18;18;18;
('Synopsis', 'SpotBugs');0;0;0;0;0;0;0;0;0;0;0;0;0;0;0;0;0;18;18;18;18;
('Horusec', 'Kiuwan');0;0;0;0;0;0;0;0;0;0;0;0;0;13;13;13;13;5;5;5;5;
('Horusec', 'SpotBugs');0;0;0;0;0;0;0;0;0;0;0;0;0;5;5;5;5;13;13;13;13;
('Kiuwan', 'SpotBugs');0;0;0;0;0;0;0;0;0;0;0;0;0;5;5;5;5;13;13;13;13;


SAMESEED
Tool;Recall;Recall*Informedness;F-measure;Markedness;Precision;TP;TP;TP;TP;FN;FN;FN;FN;FP;FP;FP;FP;TN;TN;TN;TN;
('Snyk', 'Fortify');0;0;0;0;0;0;0;0;0;0;0;0;0;0;0;0;0;0;0;0;0;
('Snyk', 'Semgrep');0;0;0;0;0;0;0;0;0;0;0;0;0;0;0;0;0;0;0;0;0;
('Snyk', 'Synopsis');0;0;0;0;0;0;0;0;0;0;0;0;0;0;0;0;0;0;0;0;0;
('Snyk', 'Horusec');0;0;0;0;0;0;0;0;0;0;0;0;0;0;0;0;0;0;0;0;0;
('Snyk', 'Kiuwan');0;0;0;0;0;0;0;0;0;0;0;0;0;0;0;0;0;0;0;0;0;
('Snyk', 'SpotBugs');0;0;0;0;0;0;0;0;0;0;0;0;0;0;0;0;0;0;0;0;0;
('Fortify', 'Semgrep');0;0;0;0;0;0;0;0;0;0;0;0;0;0;0;0;0;0;0;0;0;
('Fortify', 'Synopsis');0;0;0;0;0;0;0;0;0;0;0;0;0;0;0;0;0;0;0;0;0;
('Fortify', 'Horusec');0;0;0;0;0;0;0;0;0;0;0;0;0;0;0;0;0;0;0;0;0;
('Fortify', 'Kiuwan');0;0;0;0;0;0;0;0;0;0;0;0;0;0;0;0;0;0;0;0;0;
('Fortify', 'SpotBugs');0;0;0;0;0;0;0;0;0;0;0;0;0;0;0;0;0;0;0;0;0;
('Semgrep', 'Synopsis');0;0;0;0;0;0;0;0;0;0;0;0;0;0;0;0;0;0;0;0;0;
('Semgrep', 'Horusec');0;0;0;0;0;0;0;0;0;0;0;0;0;0;0;0;0;0;0;0;0;
('Semgrep', 'Kiuwan');0;0;0;0;0;0;0;0;0;0;0;0;0;0;0;0;0;0;0;0;0;
('Semgrep', 'SpotBugs');0;0;0;0;0;0;0;0;0;0;0;0;0;0;0;0;0;0;0;0;0;
('Synopsis', 'Horusec');0;0;0;0;0;0;0;0;0;0;0;0;0;0;0;0;0;0;0;0;0;
('Synopsis', 'Kiuwan');0;0;0;0;0;0;0;0;0;0;0;0;0;0;0;0;0;0;0;0;0;
('Synopsis', 'SpotBugs');0;0;0;0;0;0;0;0;0;0;0;0;0;0;0;0;0;0;0;0;0;
('Horusec', 'Kiuwan');0;0;0;0;0;0;0;0;0;0;0;0;0;0;0;0;0;0;0;0;0;
('Horusec', 'SpotBugs');0;0;0;0;0;0;0;0;0;0;0;0;0;0;0;0;0;0;0;0;0;
('Kiuwan', 'SpotBugs');0;0;0;0;0;0;0;0;0;0;0;0;0;0;0;0;0;0;0;0;0;


